2024-01-04 08:16:57,./model/best.pt,1280,0.43,0.05,0.5,7,8,1,0,0,0,0,16
2024-01-04 08:18:20,./model/best.pt,1280,0.43,0.05,0.5,0,1,0,0,0,0,0,1
2024-01-04 08:27:25,./model/best.pt,1280,0.43,0.05,0.5,3,4,1,0,0,0,0,8
2024-01-04 08:30:51,./model/best.pt,1280,0.43,0.05,0.5,0,1,0,0,0,0,0,1
2024-01-04 08:31:08,./model/best.pt,1280,0.43,0.05,0.5,0,1,0,0,0,0,0,1
2024-01-04 08:59:42,./model/best.pt,1280,0.43,0.05,0.5,7,8,1,0,0,0,0,16
2024-01-04 09:00:24,./model/best.pt,1280,0.43,0.05,0.5,0,1,0,0,0,0,0,1
2024-01-04 09:08:07,./model/best.pt,1280,0.43,0.05,0.5,0,0,0,0,0,0,0,0
2024-01-04 09:08:21,./model/best.pt,1280,0.43,0.05,0.5,0,1,0,0,0,0,0,1
2024-01-04 09:11:00,./model/best.pt,1280,0.43,0.05,0.5,0,1,0,0,0,0,0,1
2024-01-04 09:12:22,./model/best.pt,1280,0.43,0.05,0.5,0,1,0,0,0,0,0,1
2024-01-04 09:12:40,./model/best.pt,1280,0.43,0.05,0.5,0,1,0,0,0,0,0,1
2024-01-04 09:13:55,./model/best.pt,1280,0.43,0.05,0.5,0,0,0,0,0,0,0,0
2024-01-04 09:14:07,./model/best.pt,1280,0.43,0.05,0.5,19,27,1,0,0,2,0,47
2024-01-04 09:15:17,./model/best.pt,1280,0.43,0.05,0.5,18,27,1,0,0,2,0,46
2024-01-04 09:16:24,./model/best.pt,1280,0.43,0.05,0.5,1,1,0,0,0,0,0,2
2024-01-04 09:17:09,./model/best.pt,1280,0.43,0.05,0.5,0,1,0,0,0,0,0,1
2024-01-04 09:17:46,./model/best.pt,1280,0.43,0.05,0.5,12,14,1,0,0,2,0,27
2024-01-04 09:18:19,./model/best.pt,1280,0.43,0.05,0.5,1,1,0,0,0,0,0,2
2024-01-04 09:18:42,./model/best.pt,1280,0.43,0.05,0.5,3,4,1,0,0,0,0,8
2024-01-04 09:23:03,./model/best.pt,1280,0.43,0.05,0.5,12,14,1,0,0,2,0,27,23.23482422805482,60.97612886343151,51.1233799904824
2024-01-04 09:24:23,./model/best.pt,1280,0.43,0.05,0.5,1,1,0,0,0,0,0,2,27.8,61.13,56.31
2024-01-04 09:25:56,./model/best.pt,1280,0.43,0.05,0.5,0,0,0,0,0,0,0,0,26.33,60.74,49.24
2024-01-04 09:26:20,./model/best.pt,1280,0.43,0.05,0.5,0,1,0,0,0,0,0,1,24.77,61.28,56.8
2024-01-04 11:42:05,./model/best.pt,1280,0.43,0.05,0.5,0,0,0,0,0,0,0,0,44.62,60.81,57.24
2024-01-04 11:50:15,./model/best.pt,1280,0.43,0.05,0.5,0,0,0,0,0,0,0,0,30.2,60.54,54.68
2024-01-04 11:50:21,./model/best.pt,1280,0.43,0.05,0.5,0,0,0,0,0,0,0,0,29.35,60.52,52.01
2024-01-04 11:54:06,./model/best.pt,[1280],0.33,0.3,0.7,0,0,0,0,0,0,0,0,48.95,61.53,59.15
2024-01-04 11:54:16,./model/best.pt,[1280],0.33,0.1,0.5,0,0,0,0,0,0,0,0,29.09,58.36,47.37
2024-01-04 11:55:08,./model/best.pt,[1280],0.33,0.3,0.7,0,0,0,0,0,0,0,0,31.98,60.77,56.16
2024-01-04 11:55:14,./model/best.pt,[1280],0.33,0.1,0.5,0,0,0,0,0,0,0,0,28.32,60.84,53.5
2024-01-04 11:55:44,./model/best.pt,[1280],0.33,0.3,0.7,0,0,0,0,0,0,0,0,27.72,58.2,45.72
2024-01-04 11:56:06,./model/best.pt,[1280],0.33,0.3,0.7,0,1,0,0,0,0,0,1,26.63,58.89,53.38
2024-01-05 07:53:45,./model/best.pt,1280,0.43,0.05,0.5,25,32,1,0,0,2,0,58,24.42,59.21,53.05
2024-01-05 09:32:25,/home/grading/yolov8/weight/2023-12-22-18-59_yolov5mu_1280_total/train/weights/best.pt,1280,0.43,0.05,0.5,0,0,0,0,0,0,0,0,22.32,38.27,32.96
2024-01-05 09:33:23,/home/grading/yolov8/weight/2023-12-22-18-59_yolov5mu_1280_total/train/weights/best.pt,1280,0.43,0.05,0.5,0,0,0,0,0,0,0,0,26.1,37.5,31.12
2024-01-05 09:35:23,/home/grading/yolov8/weight/2023-12-22-18-59_yolov5mu_1280_total/train/weights/best.pt,1280,0.43,0.05,0.5,0,0,0,0,0,0,0,0,27.0,38.3,36.37
2024-01-05 10:00:14,/home/grading/yolov8/2023-12-26-07-35_yolov5l6u_1280/train/weights/best.pt,1280,0.43,0.05,0.5,0,0,0,0,0,0,0,0,21.41,24.18,22.87
2024-01-05 10:42:58,/home/grading/yolov8/weight/2023-12-26-07-35_yolov5l6u_1280_total/train/weights/best.pt,1280,0.43,0.05,0.5,0,0,0,0,0,0,0,0,21.47,23.79,21.25
2024-01-11 17:49:26,/home/grading/yolov8/weight/2023-12-26-07-35_yolov5l6u_1280_total/train/weights/best.pt,1280,0.43,0.05,0.5,0,14,0,1,1,0,0,16,20.01,24.03,22.21
2024-01-15 16:03:18,./model/best.pt,1280,0.43,0.05,0.5,0,0,0,0,0,0,0,0,25.21,61.23,51.86
2024-01-15 16:04:26,/home/grading/yolov8/weight/yolov8s_sampling_november/best.pt,1280,0.43,0.05,0.5,0,0,0,0,0,0,0,0,29.72,61.53,56.3
